  2.9843  2.0320  0.9614 -0.4609  2.1105
 -0.2374 -0.7125 -0.2870  0.6056 -0.8954
  0.0193 -0.1355  1.8688  0.4462 -0.8049
  1.1672  0.6807  2.2472  0.2243  1.3734
  1.0762  0.2773  1.0458  1.6964  0.9312
  2.9155 -1.9397  2.1232  3.6691  2.4133
  2.6581 -0.3822  2.5770  1.3038  1.1379
  2.7565 -1.1594  1.2096  1.1001  2.1865
  2.5789  2.5112  0.4448  2.4296  3.2508
  2.4043  4.4094  2.9160  4.9785  1.8743
 -1.8326 -0.1084  1.4352  1.4390  1.0155
 -2.2925  2.6413  1.0701  3.3001  1.7938
 -0.4761  3.4208  0.8970 -0.0939  1.1493
  1.3377  3.8835 -0.6859  0.4390  0.4844
  3.4261  1.2110  1.0666  4.3408  1.8830
  3.8110  3.4586 -0.1503 -0.1173  2.3072
  2.1785  2.4856  2.1721  3.3724  4.1948
  3.2076  3.0003  0.3226  3.5335  3.7205
  1.9528  3.9464  3.5202  2.6334  2.8801
  3.0734  2.4559  4.9388  2.5031  3.8178
 -0.6459  1.3318  0.5054  1.4088  0.6872
  1.0914  1.9362  2.1537  4.2506  0.3514
  3.2339  0.7103  1.4632  3.0071  1.2545
  2.5259  0.6084  0.0435  3.0362  1.2273
  2.8031  3.1562  1.7409  2.1426  0.3520
  1.8879  3.1659  3.5505  0.8184  3.6660
  2.3036  4.4964  2.0476  1.3446  2.7034
  3.8101 -0.0325  2.7369  0.9736  2.4893
  5.0703  3.1613  1.1027  1.5923  2.2743
  4.4845  3.2776  4.8483  4.8582  2.4380
  0.3969  1.0698  0.6071  3.7571  0.0226
  1.9094 -0.7731  1.6675 -0.1015  0.0159
  2.4614  0.6921  1.9466  2.2733  1.0357
  0.6640  1.1679  3.4567  0.3401  1.9023
 -0.5271  3.9827  0.9710  1.1077  1.5780
  2.1952  4.9135  1.8239  3.5652  3.6075
  1.7357  0.9435  3.6398  3.9212  2.5226
  3.6964  3.3925  1.5383  2.1174  4.3313
  2.4850  3.0606  3.8231  4.2667  2.5031
  3.1007  0.5934  0.5920  6.0859  0.2172
  1.9247  1.7778  1.0717  0.5472  2.4447
  3.1356  2.1203  0.7465  0.6631  2.9045
  3.3361  1.6934 -0.0904  2.1686  0.0904
  0.0685  1.6172  4.1961  2.9988  1.9500
  1.3518  2.3332  2.8164  2.4048  1.5875
  1.6255  2.2625  3.5165  3.3730  3.6455
  2.9811  2.3072  4.2234  4.0738  4.0684
  1.3473  2.2465  3.3838  3.4486  4.6729
  3.0384  2.8069  5.1128  5.2624  4.7367
  4.0373  2.4488  5.7702  5.7684  3.9078
  1.8897  0.4894  4.1413  0.6721  3.5917
  2.4545  0.9548  2.4423  2.3382 -1.3700
  1.3220  1.9701  0.3112  3.4161  1.6136
  0.9581  0.5687  0.8658  2.1383  4.8438
  2.8961  2.4020  2.6041 -0.3785  3.4441
  3.1638  1.6452  0.8955  4.9805  2.1325
  0.6727  3.6113  5.0314  4.1668  3.9971
  3.2122  2.6281  5.8557  6.0261  1.0304
  3.5187  3.5481  4.0119  4.6215  3.8223
  2.1075  3.9935  3.6058  1.8773  2.4752
  2.4787  1.8980  2.2022  1.8535  1.9016
  0.8600  2.1371  4.2651  1.6518  1.5172
  3.8591  2.6708  1.9991  4.4222  1.8868
  0.6330  3.4088  1.0975  3.0712  5.5690
  3.0781  2.5101  0.1665  1.1531  2.4233
  1.5151  3.1438  0.6987  1.5578  0.5017
  1.3694  4.4302  4.5417  3.1123  3.4024
  3.4921  1.8527  3.7191  5.5874  7.0438
  2.1030  3.8118  2.1629  4.2663  5.0004
  2.3389  5.1982  2.9523  3.2226  3.8080
  3.9058  0.6617  1.8749  1.6739  2.7768
  2.0010  1.6878  4.9126  2.3706  3.2178
  2.1788  3.0450  4.4336  2.9099  2.2042
 -0.2355  4.0684  2.8435  4.1857  4.6786
  3.9986  2.4296  4.2516  2.9235  1.2415
  1.3347  6.0261  2.9835  0.0745  2.7758
  3.0539  4.0183  3.7430  7.6094  0.9982
  3.8095  4.6708  3.7310  4.2248  3.5984
  5.0470  5.5696  4.8378  6.8984  4.5615
  4.4990  4.3262  7.2446  4.6550  5.3610
  0.8345  0.3263  1.1904  2.5870  3.7302
  1.7426  2.8040  2.5648  2.3913  2.5388
  3.5531  2.5669  5.2218  2.1447  5.6453
  1.5433  2.7815  1.3959  5.1787  4.3987
  2.7827  3.1032 -0.0944  5.2408  4.9629
  4.6764  1.8192  0.8207  3.8971  1.2818
  3.5866  3.4790  4.2569  5.5579  3.8302
  3.1414  2.9129  3.7204  4.7733  3.4116
  4.9103  4.1306  4.3469  2.5688  3.7400
  3.3032  6.1290  5.3819  4.2927  2.6296
  2.5113  2.7916  5.3413  2.2081 -0.1457
  3.5603  1.9488  3.3677  2.4413  3.8639
  3.4671  2.6010  4.3692  4.9331  2.0109
  6.4462  5.3781  3.8157  4.5455  2.2135
  5.9042  2.0498  3.7060  4.4531  5.7431
  3.8604  3.5042  3.0697  4.4809  5.1427
  6.5964  2.4646  6.5510  4.8298  3.7580
  6.6792  3.2089  4.8157  4.3956  5.2818
  4.6464  3.9530  3.0569  5.3653  5.3035
  5.5161  4.9363  4.6233  7.7791  5.2174
