  2.1397 -0.6554 -0.8089 -0.3057  0.0549  1.3350 -0.4099 -1.7287 -1.5762 -0.5629
 -0.0078  1.1047  0.8548  0.4933 -0.4379 -0.4072 -1.6792 -1.4010 -0.8942 -2.0411
  0.5763  0.6977 -0.3466  0.4096 -0.5563 -2.3719 -0.5002  0.7829 -1.4238 -0.3428
 -0.3635  0.3816 -1.7674 -0.7632 -0.8570 -0.4376 -0.5813 -0.0015 -1.4645 -1.2692
 -0.4430  0.5313 -0.8854 -1.1836 -0.4958  0.2500 -1.9057  0.1921 -0.2868 -1.6528
  0.7701 -0.2761 -0.4406 -0.7693  0.8325 -0.2716 -1.0693  0.1760  0.5746  0.6717
  2.0016  1.2300 -0.4655  1.1594 -1.5748  0.7141 -1.0207 -0.5285  0.1283 -0.9606
 -0.7125  1.2232 -0.8842 -0.1215 -0.2328 -0.1212 -1.8178 -0.9542 -0.2205 -0.9864
 -0.1294  1.1084  2.2493 -1.6734  1.4994 -1.3336  0.3577 -1.3772 -0.0915 -0.2582
 -0.6446 -0.7973 -2.4273 -0.0014 -0.5758  1.4223  1.1877  0.8385  0.5040 -1.3082
 -0.9248 -1.0528  0.0226 -1.2443 -1.8629 -1.2807 -1.8832 -0.7496  0.6054 -1.2114
  0.6256  1.0102 -1.1489 -0.0265  0.0836 -1.2521  0.4550 -0.9638  0.4926  0.1771
 -1.6798 -0.1127  0.8860  1.2853  2.5368 -1.4327  0.8701 -1.7917 -0.9705 -1.2012
 -0.8026  0.4202 -0.4335 -0.7383 -0.0295  0.5624  1.1960 -0.9734 -0.7998 -1.0650
  0.5088 -1.0038 -0.8439  0.9730 -0.0724  0.0766 -0.7910 -0.5532  1.0318 -0.4715
  0.4294  1.4043 -1.3341 -1.0569 -0.6804 -0.5030  1.0604 -0.2965 -0.3665 -0.3690
 -0.7738 -0.5455 -0.0399  1.0837 -0.0685 -0.4008  0.2561  0.9699  0.8113  0.9499
  0.9342 -0.9347 -0.2488  0.5792 -1.8216  0.8474  0.9615 -1.3080  0.8820 -0.5701
  0.3763  0.6921  1.3067 -0.5608 -0.2155 -0.7081  0.5041 -0.3626 -0.2793  0.2917
  0.4883  0.6807  0.3592  0.0089  0.9755  0.3757 -1.8220  0.2371  0.5423  0.4101
  0.3243 -0.9643  0.7417 -0.6105  0.7958 -0.2429 -1.9043  0.8042 -0.9964  0.6312
 -1.4013 -1.0613 -0.5589  1.5144  0.7127 -0.5831  0.1173  0.0332  1.0541 -1.2377
 -0.2134 -0.7078 -0.4514  0.3475 -0.3228  0.1855 -0.2878 -0.8149 -1.1440 -1.3424
 -0.2051 -0.2635  0.1819  0.3810 -0.5892  0.1897  0.6543 -2.1671 -0.1411 -1.3344
  0.2282 -0.0767  0.6766 -0.1382 -1.0944  0.4022  0.4816  0.9232 -1.2080  1.1565
  1.5776  1.1940  1.1144  0.4712  0.1234  0.3256  0.5938  0.6942 -0.7010  0.2297
  1.3788  0.7181  0.4793 -1.9036 -0.4829  0.9522  1.2415  0.6273 -1.7985 -0.1312
 -0.1650 -0.9020 -0.4571  0.9264  0.5757  1.1467 -1.3892  0.1949 -0.1439 -0.8758
 -0.3499  1.0792  2.3163 -0.0620  0.0958  2.6624  0.0940 -0.8346 -0.8454  0.5403
 -0.7199 -1.0782  0.7333 -0.4724  0.3754  0.7108  0.6000  1.5129  0.4641  0.6140
  0.6137  0.2725 -1.6222 -0.6366 -1.6939 -1.5247  0.2726 -2.6213  1.8061 -0.3528
 -1.6546  0.6021  1.5398  0.6326  1.9608  1.0524 -1.1786 -0.8201 -1.6128 -2.5560
  0.2167 -0.4861 -0.6683 -0.8647 -2.4423 -0.6758 -0.6714 -0.0474 -0.4290 -1.5494
  0.3263  1.5985  0.5131 -0.7244 -0.6749 -0.5181 -0.2908  0.0520 -1.7951 -0.6389
 -0.1993  0.3273 -0.5064 -0.6939  0.6156 -1.3411  1.2653 -1.7345  0.0381 -0.0464
 -0.4018 -0.9043 -1.2367 -0.1914 -0.0450 -0.0923  1.0273  0.2641  0.2128  0.4166
 -0.1450  0.6116 -2.0876 -0.3088  0.0344 -0.1208 -1.1472  1.0330 -1.0590  0.8979
  0.0290  0.9794  0.7354 -2.1691  1.6666  1.2560  0.3456 -0.2383 -0.5855  0.0940
  2.1374  0.2526  0.7385 -0.8598  0.8540  0.1379 -0.2687  0.0322  1.4240 -0.3616
  0.3349 -0.9918  0.7414 -1.2144 -1.3553 -1.8730  0.5649 -0.9949  1.7067  0.4162
  0.5385  0.3618 -0.2918  0.7807  1.0264 -0.9202  0.2389 -0.0862 -1.0529 -0.4095
 -1.1451 -1.7735 -1.0728 -2.4083  1.0213 -0.0772 -0.1695 -0.7672 -2.3178 -0.6782
 -0.4267 -0.2664 -2.5399  0.2424  1.3572  0.8255 -0.7414 -0.0861 -0.9708 -0.8713
  1.4922  1.7648  0.0741 -0.2238 -0.2402 -0.4797  0.5188  0.9047  0.1631 -0.3099
 -1.5553  0.4571  0.1742  0.5188 -0.1893 -2.2711  0.9731 -0.6339 -0.9806 -0.1051
 -0.1053  0.6515 -0.0459 -1.9196  1.5366 -0.2732 -0.9072  0.4267  0.0235  0.6244
 -2.1033  0.3210 -0.1792  0.5962 -1.5387 -0.3096 -0.6845 -1.5046 -0.6050  0.0779
  0.5191  0.6841 -0.0661 -0.4727  0.4518 -0.3024 -0.0203 -0.1552  0.6510 -0.1029
 -0.7142 -0.4544  1.1959 -0.2105 -0.1363  0.0595 -0.5519  0.0882  1.3523  1.5851
  0.1209  2.0529  0.7773 -1.7204 -0.3278  0.3747  0.9460  0.0415  0.3389  0.1643
  0.0837 -1.7391 -0.5105  2.8898  0.0490 -0.7680 -1.0668  0.9376 -1.1176  1.0833
  1.4826 -0.0539 -0.6203  0.3703 -0.7523 -0.2345 -0.3996 -0.7700  1.2499 -0.3388
 -0.7321 -0.2507 -1.0693 -0.5056  0.0528 -1.7936 -0.1902 -0.3919 -0.9933 -1.0272
 -2.1412 -0.4657  1.0896  0.0552 -0.6978 -0.3967 -0.0242 -0.2112 -0.3252  0.6437
 -1.2432 -0.6745  1.6678  0.1080 -0.2774  0.8120  0.2986 -0.2788 -2.1078  0.5219
  0.0413 -1.4344 -1.1622  0.1031 -0.1378 -0.4453 -0.9599 -2.5139  0.6093  1.4559
 -2.3795  0.1178 -0.8470  0.7394  1.1909 -0.6361 -0.0241  0.3192  0.3022 -0.1657
  1.7037 -1.4996  1.5559 -0.1429  0.6657 -0.0424  0.2286  2.4330  0.4739 -0.7744
 -0.5968  0.4607 -1.1960  1.4872 -0.4214  0.3329  0.4281  0.4654  0.6634 -0.1639
 -0.6336  0.5474 -0.6255  1.9434  1.5135  0.0038 -0.0067 -0.3981  0.0455 -0.7555
 -0.4525  0.8148  0.2419  0.5096  0.2458 -0.2328 -0.3152 -0.1523 -0.2741 -0.0036
 -2.7269  1.3997  0.6389  0.4161  0.8741 -0.2497 -0.4790  0.5785 -0.4659 -0.6332
  0.8461 -1.6772 -1.2589 -0.4268 -1.2024 -0.3345 -1.5441  0.1203  2.0544 -0.8979
 -1.8311 -1.2840  0.7888  2.4861  0.1489 -0.8941 -0.5806 -0.5308  0.1887  0.9628
  1.3611 -1.6170  0.3531  1.2160 -0.0221 -0.5567 -0.2665 -0.6580 -0.5696  0.5638
 -1.4666  0.3999  1.8330 -0.7177  1.6165  0.2553 -0.2930  0.1530  0.7151 -1.0102
 -0.4333  1.0406 -0.1315  0.2681  0.9944 -1.6911  0.8427  1.0899 -0.2257  0.1796
 -0.1737 -0.7448 -0.1370 -0.4476 -0.2263  0.2393  0.8090  0.3084  3.1066  1.3272
  0.7047  0.0103  0.9238 -0.6428 -1.0539  0.3627  1.6400  0.2033  0.2998  0.3862
  0.8452  0.4131  0.1036 -1.0345 -1.4463  0.9164  1.6041 -0.7960 -0.4735  1.6452
 -0.2162  0.2629  0.6064  0.1181 -0.8383  0.9518 -0.5800  0.3871 -1.1030  0.2084
  0.9671 -2.5850 -0.0591 -0.3700  1.2271 -0.0036 -1.8540  2.1679 -0.8723 -0.5627
  0.0273 -0.3192  0.0436  1.2346  0.4948  0.6252  0.3549  1.3447 -0.6386 -0.0661
 -0.1691  1.3768 -1.3492  0.5128 -0.7698 -2.2794  0.7407  0.3928  0.5183  2.1995
  1.0548 -0.5967  1.9654 -2.1712  0.7744 -0.0095  1.0611  0.4378  0.4435 -1.2850
  1.9504  1.8359  1.3101  0.7235 -2.0860 -0.8132  2.4549 -0.0721 -1.4840  1.0411
 -0.1366  0.1435 -0.0891 -1.0271  0.2864  0.8656  1.3752 -0.0264  1.4664 -1.5243
  0.4972  1.4560 -0.5903 -0.3187  1.5865  0.0293  1.3058  1.3333  0.3334  1.7799
  0.4132  0.0882  0.8691 -0.0799 -0.1248  1.8404  1.8975  1.0022  0.6295  0.4471
 -0.6160  1.6060 -1.4033 -0.0246  0.0260  1.6211  0.2376  1.0090 -0.5680  1.9500
  1.3743 -0.5341 -0.4786  1.9816  1.1203 -0.7721 -0.8612 -1.1021  1.0227  0.3959
 -0.3683  1.0649  2.0252  0.4999 -1.2596 -1.2991 -0.9966  0.2107  0.4682 -0.4550
 -0.9076 -0.2383 -0.8186  0.3058  0.9414  0.1883 -1.3498  0.4505  0.9868  1.1699
  0.6793 -1.9609  0.2977 -0.3034 -0.6739 -1.0802 -0.2441 -1.2604  1.8350  1.1202
  0.5407  0.4450 -1.2792 -1.6343  1.6497  0.4556 -1.3809 -0.1058  1.0080  1.1912
  1.0195 -1.0825  0.3488 -0.2862 -0.2280  0.2646 -0.7489 -2.2435 -0.6948  0.4114
  0.2092  0.8477  0.3930  0.5735  0.0793 -0.5542  0.1851  0.0464  0.0724  0.4214
  0.3249 -1.3041  0.6818  0.8265  0.9873  1.4948  0.9286  1.0784  0.5722  0.6279
 -0.1560  0.0741  0.1451  0.4717  1.4579 -0.4202  1.9389  1.4973 -0.6178  1.9150
  0.7506  0.8598  0.7367 -0.9343 -0.5913  0.2840  1.5015  1.1859  0.7470  1.8896
 -0.2899 -0.3930  0.0863  1.0103  0.8623  1.4225  0.9787  1.1901  0.1074 -1.4719
  0.7002  1.3171  0.0958 -0.5269 -0.7708 -0.9104 -1.5052  0.0212  0.6133 -0.6826
 -0.3611 -0.2129 -0.8843  1.5175  0.8217  0.8280 -0.7749  1.1993 -0.5438 -0.8904
  0.2272 -0.1734 -0.0952  0.7646  0.3127 -0.2181  1.2001  0.8939  0.0610 -1.4135
 -0.1036  0.3041  0.8338  1.2767 -2.4027  1.9218  0.4245 -0.3969 -0.5810  1.6531
  0.8026 -1.3239  0.1660  0.8526 -0.3148  1.8138  1.5851 -0.1834  0.2212  0.8130
 -1.3833 -0.3309 -0.7833  0.2868 -0.5463  2.1631 -0.8402  1.3592  0.4002  0.5370
 -1.3929 -0.4070 -0.6318 -0.6265  0.0766  1.7054  0.2712  1.7323  1.5836  1.3484
  1.0343 -0.6588  0.3945  1.2583 -0.8921  0.7940 -0.2752  0.6025  1.0943  1.0122
  0.5691 -2.4292  1.2728 -0.7398 -0.8924  0.7047  0.1778  1.6077  1.7164  0.4448
