  0.8210 -0.8594  1.0707  0.3573  0.7670  0.4088 -1.7485 -1.5986 -0.7552 -1.1419
 -0.3309  1.6151  0.6024 -1.1667 -1.5943 -0.4418 -0.7207 -0.9379 -0.2642  0.0092
 -0.3407  0.4317  0.6946 -1.0978  0.0406  0.2759 -0.8133 -1.7545 -0.2690 -1.0134
  0.5260  0.5722 -2.4003  0.4842  1.5345 -2.0568 -0.4796 -1.1015 -1.8587 -0.9882
 -0.6661 -1.2251  0.8721 -0.3763 -1.1525  0.2874 -0.2895 -0.0293 -0.7133 -0.7043
  1.0749 -0.3553 -1.4381  0.5853  0.2664  0.5572  0.0394 -0.5498  0.4044  0.5395
  1.0297 -0.2363 -1.1007  1.6517  0.0774  0.9202 -0.6881  0.2128 -0.7667  0.0828
 -0.6322 -0.3838 -1.7129 -0.4581  1.7554  0.3288 -1.0532 -0.0835 -0.9108  0.0770
 -0.1118 -0.3972  0.6749 -1.2713  1.1738  0.4131  0.4819 -0.6709 -1.6439 -0.2069
  0.0945  0.3740  0.9840 -0.5338  0.9078  0.0620  2.5412  0.7160  1.4527  0.1080
 -0.9115 -0.1912 -0.5070 -1.1454  1.6586  1.9098  0.5069 -0.2361 -0.0175 -0.3007
  0.4936  1.5634 -1.2188 -0.3934 -0.5848 -2.0456  0.6824 -0.8910  1.1199 -1.0322
  2.0930  2.6155  0.4290  0.6335 -0.2300 -1.7594 -0.1314 -1.1939 -0.5217  0.7080
 -0.3122  0.3942 -0.0002 -1.6646  0.0242 -0.7635 -0.3072 -0.7958 -0.8513 -0.3554
 -2.3720 -0.1256  0.0275  1.4182  0.0191  1.9765  0.3477 -1.1164  0.1929  0.1589
  1.1913 -1.1383 -0.7346 -0.1323 -0.7074 -0.0457  0.2313  0.1111 -2.2409 -0.8054
 -1.7382 -0.2148 -0.2736  0.5026  0.4624  0.6473  0.5070  1.4775  0.3307  1.2838
 -2.3847  1.0212  0.0069  1.5089  1.7045  0.2357  0.6262 -0.8629  1.5258 -0.3490
  1.6060 -0.9596 -1.5787 -0.0673 -0.1548 -1.1005  0.7649  1.4902 -0.8377  0.7625
  1.1619 -1.4679  0.9325  1.0925 -0.7348  1.4137 -0.0300  2.1770  0.7953  0.0730
 -0.4938 -0.3779 -0.0125 -2.4415 -1.9573 -2.3003 -1.1016 -2.3847  0.6425 -1.9625
  0.0254  0.8607 -0.0284  0.6521 -1.0208 -1.1999 -0.2846 -0.2083  0.4538  0.3578
  1.3776  0.7125 -0.8568 -2.1149 -0.4369  0.1285  0.3849 -0.2805 -1.0113 -0.2632
 -0.1426  0.5092  0.2638 -1.7151  1.2937  0.6523  0.2823 -1.0255  0.3580 -1.2976
  0.0084  0.1031 -0.7051 -0.4884  0.4202 -0.2729 -1.8151 -0.9452 -1.1064 -2.2289
 -0.5093 -2.0912 -0.5696  0.8429 -0.7091 -1.6097 -0.8315 -0.4930 -1.0924  0.4544
 -0.5762 -0.7840  0.9620  0.5322 -0.2554 -0.5547  1.2460 -0.4343  0.4859 -0.4728
  0.0122  0.7297  0.3928  1.0360 -0.4206 -0.0513  0.4234 -0.9967 -0.4614  1.4644
 -0.0729 -0.6545  0.1758  0.8446 -0.5200  0.7090  0.3870  0.4454  0.1782 -2.4417
 -0.4363  1.2940  1.1494  0.4820  1.1166  0.3119  0.2151 -0.6729 -0.8504 -0.3890
 -1.0768 -1.0775 -0.3637  0.5327 -0.0029 -0.9279 -1.2141 -1.3936 -0.3091 -1.0143
  0.0681 -1.0036 -0.4265  0.6290  0.7579 -0.3894 -0.1054 -0.7442  1.3183 -1.1262
 -0.8763 -0.5678  0.3199 -0.7079  0.2766  0.4497  0.0008 -1.3429 -0.7201 -0.2168
 -0.1223  0.6521  1.1321 -0.8896  1.0065 -1.0767  0.4729  0.4230 -0.4282  0.4381
  1.6653  0.9629 -0.6675  0.1678 -0.8696 -1.0448 -0.0079  0.3068 -0.4167  0.5880
  0.4495 -1.1679 -1.8004 -0.4969 -1.2093 -0.5204  1.7253  0.2321  0.6788  1.3553
  0.8972  0.8425  0.2311  0.7102 -0.6569 -0.9270  2.0300  0.2934 -0.1617  0.7969
  1.6587  0.1421 -0.9903  1.3740 -0.9545 -0.4757  0.7652 -0.0631  0.9927  0.7566
 -0.9147 -0.2284 -1.4600  0.2243 -0.8494  1.0199 -1.0204  0.1157 -1.3500 -1.3153
  0.3008 -0.7230 -1.4973  1.7848  1.5722 -0.2576 -0.5040 -0.7721  0.9201 -0.6193
 -0.2895 -1.0608  0.2568  1.6233  0.2875  1.1501 -0.2723 -2.0321  1.2130  1.7266
 -0.1684  0.1109 -1.2195  0.3314  0.0871  0.8385 -1.5077 -0.9521  0.1527  0.2672
  0.0606  2.1255  1.3421  1.3554 -0.7199 -0.5601  0.5673 -0.1787 -0.1723 -0.1671
 -0.6171  0.5795  1.6616  2.2424 -1.2493 -1.8862  0.1767  0.4656 -0.0249 -0.0396
  0.6850 -0.5189  0.9848  0.3937 -0.2300  0.5743 -1.4808  0.4058 -0.4780 -1.3460
  0.7961 -1.3800 -0.1692 -0.1536  0.8148 -2.1747 -1.8028  0.7502  0.6931  0.5132
 -0.7094  0.1420  1.6823 -0.0075 -1.0406 -0.3152 -0.6211 -0.1043  0.4888 -0.9351
 -0.1674 -0.2127 -0.4100 -0.4822  0.5636 -0.6942 -1.1026  0.7553 -0.8483  1.9560
 -0.2876 -1.1897  0.3355  0.3683 -0.2566 -1.0751 -0.4419  0.7881 -0.2411  1.0661
  0.7263 -0.6574 -1.9033 -1.0215  1.6854  1.0132 -0.0926  1.2174  1.7475  0.2688
  0.3666  1.2309 -0.9184 -1.9692 -3.1957 -0.7435 -1.2676 -0.2238 -1.6721  0.4795
 -0.0291 -0.6231 -0.1659  0.6815 -1.5471 -0.2685 -1.0470  1.4074 -1.8602 -1.7772
 -0.1030  0.9391  1.3720  0.4922 -0.6240  0.8028 -0.4505 -0.4295 -0.8342 -0.8980
 -1.4207  0.8171 -0.2744 -0.2293  1.3089  0.4369 -0.8607  0.0522 -0.7593  0.7117
  0.9509 -0.4106  0.3179 -0.3861  0.7954 -1.3146 -1.6712 -0.5458 -0.2988  0.1816
  0.6347  0.5997 -0.8316 -0.8913  0.7023 -0.3262 -2.0372 -0.6813  0.1171 -0.2482
 -0.2901 -1.9584 -0.8362 -1.0940 -0.0362 -1.4126 -0.2368  1.2326 -0.2024 -1.0617
  1.6984 -1.2074 -1.7115 -0.1632 -0.0783  1.6583 -0.5146  1.6079  1.4147 -1.3381
  1.3096 -0.5606  0.0750 -0.0543 -0.0619 -0.1719  1.2621  0.6050  0.6870 -0.8301
  1.1573  0.8715  1.2376  1.5299 -0.7538  1.2536  1.4638  0.0686 -1.0936 -0.0805
  0.6237 -0.6223  0.7862 -0.3833  1.4350 -0.4347 -1.0871  0.7635 -0.4794  0.1224
 -0.4690  0.4641  0.8032  1.1043 -0.0461  0.0778 -0.0041  1.8229 -0.3186 -0.5390
 -1.5016 -0.3947 -0.3660  0.1558 -0.5691  0.9294 -0.4345 -1.0233  0.1301 -0.6324
  0.3652 -1.0498  0.1347 -0.1047  0.0701  0.0477  2.2338 -1.2748  0.7854  1.0837
 -1.3584 -1.8912 -0.3514 -0.9013 -1.5070  0.0267  1.8283  0.3213  0.4374 -1.5385
  0.9918 -0.8913  1.5770 -0.8532  1.1980 -1.1951 -0.2953  0.2543 -1.3977  1.7506
  0.0645 -0.7392 -0.3161  1.3167  0.1985 -0.6546  0.1808  1.4803  1.6018  0.2027
 -0.5240 -0.9136  0.4568  1.3916 -0.1848  0.5510 -0.8235  1.2115  0.6243  1.7765
  0.3458 -0.5437  0.5705 -1.3452 -1.4393 -0.7663  1.7438 -0.1398  1.0112  0.8803
 -1.2054 -0.0598 -0.8936  0.5512 -0.8602 -0.6750  0.2983 -0.5627  0.0200  1.1173
 -1.6459  0.3091 -0.6647 -0.4732 -0.5773  0.5602 -1.8828  0.1967  0.6974  0.1735
 -0.2540  1.0431  1.7844  0.6475 -0.3511 -0.1177 -1.1440  0.5099 -0.4882 -0.8992
 -1.7041  1.9399 -0.5958  0.3701  0.9505  0.0080 -0.8875  0.6918  1.6158  0.2785
  0.0968  0.5196 -0.3999  1.3163  0.0067 -1.5553 -0.4879 -1.7193  0.7511  0.8019
 -0.0640 -0.6964  0.1322  1.2467  0.0901  1.7213 -1.0209 -0.1062  0.2915 -0.6824
  0.8299  0.1772  0.9499 -2.6799  0.6351 -1.4547  1.1960 -0.6039 -1.2192 -0.6872
 -0.1622 -0.2210  0.5251  0.6674  1.3881 -0.2860  0.2697  0.8656  2.3818 -0.7048
  1.1216  1.8065 -0.3084 -0.7926 -0.0447  0.3292  0.4415  0.6833  2.3656 -0.3182
 -1.1539  0.8716  0.6129 -0.6616  0.7419  0.1371  2.0315 -0.3305  0.8993  0.8811
 -0.1517 -0.8069  1.1241 -0.0116 -1.8428  1.1561  1.4021  0.8713  0.7787  2.0594
 -1.4150 -0.3104  1.7810 -0.4933 -1.6380 -0.9236 -0.1114 -0.2882 -0.8940 -0.4585
  0.6571 -1.8618  0.5946  0.1707  2.3527  1.6968 -0.6645 -0.7347 -2.1549 -2.3197
 -0.0940  1.1979  0.2958 -1.1266  1.3872  0.2073  0.0850  2.1743 -0.5110  1.4350
  1.1849  0.9246  0.1680 -1.9982 -1.1942  0.3060 -0.6887  1.1598  1.8934  2.0161
  1.7124 -1.2636 -2.3247 -0.0605  1.0911 -0.9705  0.3113 -1.3186  1.3410  1.1033
  0.5237  0.4069 -0.9139  1.1909 -0.3197  0.8519 -0.3868 -2.5034 -0.1707 -0.1417
  1.4833  0.8817  0.5037 -0.2156  1.3334 -0.7801 -0.5473 -0.1412  1.2155  0.2273
  1.5998  0.2965  1.6320  0.7202 -0.2417  0.1337  0.6946  1.4235 -0.0933  0.3223
 -1.3207 -0.8503  0.5442 -1.0467 -1.8163  0.7774  0.8244  0.5044 -0.7545  1.1326
  1.1494  1.4714 -0.4047 -1.0596  0.5143  1.5724  2.0264  2.0851  0.5756  0.4944
 -1.6804  0.0496 -0.3508  0.3888 -0.2225  1.5578  0.8179 -0.2315 -1.3113 -1.0869
  0.8208 -0.4218  0.7052 -0.1359 -1.0807  0.8154 -0.1177  1.0351 -1.6703  0.1179
 -1.4401 -0.1416  0.6598 -0.7310  0.3732  0.3955 -0.2244  1.5815  0.1001 -0.7099
  0.4976 -0.3443 -2.3111 -0.6668 -0.0945  0.9817  0.7896  0.5052 -0.2965 -0.3827
  0.4793 -0.1032 -0.3228 -1.1794 -0.5533  0.8704 -0.2658  0.0045  0.5191  1.7278
 -1.4301  2.8540 -0.6650  0.7330  0.6712  0.7386  0.0807  0.0180  0.2369  0.2676
  0.4621  0.8805  1.4546  0.1675 -0.0557  0.2279  0.7583  1.0382 -0.6570  0.2358
 -2.0298  0.8139  2.0477  0.3449  0.7557  0.3713  1.1835  0.1263 -0.2349  1.4339
 -0.3527  1.2332 -0.4870  0.7601  0.6627  1.9335  1.3316  1.1465  0.4481  0.4521
 -0.8892 -0.8166  0.4282  0.2252  0.5178  1.1607  0.9674 -0.1273  1.6102  0.7891
